0,319
0,318
27,3
27,2
27,1
27,0
0,317
0,316
26,4
26,3
26,2
0,283
0,243
26,1
26,0
25,3
25,2
0,9
25,1
25,0
3,1
3,3
10,107
10,193
10,197
11,9
11,15
11,17
9,5
9,7
8,6
8,5
8,13
8,12
8,18
8,14
8,15
20,2
20,1
20,3
19,2
19,1
19,3
12,3
12,2
12,1
11,30
11,29
11,28
11,27
11,26
11,25
11,24
11,23
11,22
11,21
11,19
11,18
11,16
11,11
11,8
11,7
11,3
11,2
11,1
10,315
10,314
10,313
10,312
10,311
10,310
10,309
10,308
10,307
10,306
10,305
10,304
10,303
10,302
10,301
10,300
10,299
10,298
10,297
10,296
10,295
10,294
